
 0.        0,0.011779622079930914, -0.0387231781232505, 0.13672525440830127, -0.09799980211766558, -0.011771701419290069
 0.523450508,0.02355924415986183, -0.077446356246501, 0.27345050881660254, -0.19599960423533117, -0.023543402838580137
 0.796901017,0.035338866239792745, -0.1161695343697515, 0.4101757632249038, -0.29399940635299676, -0.035315104257870204
 1. 70351526,0.04711848831972366, -0.154892712493002, 0.5469010176332051, -0.39199920847066233, -0.047086805677160275
 1.343802035,0.05680004593282509, -0.1867218079438704, 0.6592836097948984, -0.47254989380186685, -0.05676131133990607
 1.568567219,0.06648160354592653, -0.21855090339473882, 0.7716662019565919, -0.5531005791330713, -0.06643581700265186
 1.793332403,0.07511412892561323, -0.2469329575094162, 0.8718774629949813, -0.6249267060710453, -0.07506172478712551
 1.993754925,0.08374665430529991, -0.2753150116240936, 0.9720887240333708, -0.6967528330090192, -0.08368763257159917
 2.194177448,0.09028111521815713, -0.2968029830663889, 1.0479573228251524, -0.7511298431605321, -0.09021634459952854
 2.345914645,0.09681557613101432, -0.3182909545086842, 1.123825921616934, -0.805506853312045, -0.09674505662745793
 2.497651843,0.101606217579429, -0.3340500744289622, 1.1794683158077417, -0.8453854796511728, -0.10153202244269977
 2.608936631,0.10639685902784367, -0.34980919434924007, 1.2351107099985492, -0.8852641059903006, -0.10631898825794162
 2.720221419,0.10979792601420274, -0.3610046938978654, 1.2746433572340172, -0.9135950814911196, -0.10971965740435266
 2.799286714,0.11319899300056183, -0.3722001934464907, 1.314176004469485, -0.9419260569919385, -0.11312032655076369
 2.884055411,0.1159052727558931, -0.3811138828092896, 1.345653778227283, -0.9644832070736031, -0.11582784736275933
 2.964791620,0.11861155251122438, -0.39002757217208855, 1.3771315519850809, -0.9870403571552676, -0.11853536817475496
 3. 67747167,0.11995566335199223, -0.39447494539304095, 1.392855662414735, -0.9983051374566188, -0.11989209382451595
 3.140134618,0.1212997741927601, -0.3989223186139934, 1.4085797728443894, -1.0095699177579698, -0.12124881947427693
 3.197091225,0.12264388503352797, -0.4033696918349458, 1.4243038832740438, -1.0208346980593208, -0.12260554512403792
 3.257796481,0.12398799587429582, -0.4078170650558982, 1.4400279937036982, -1.0320994783606718, -0.1239622707737989
 3.339244702,0.12465102225778196, -0.41003128020592733, 1.4478752724692807, -1.0377180737718663, -0.12464359884244255
 3.387768606,0.1253140486412681, -0.41224549535595645, 1.4557225512348633, -1.0433366691830606, -0.1253249269110862
 3.428159139,0.12597707502475425, -0.4144597105059856, 1.4635698300004458, -1.0489552645942548, -0.12600625497972986
 3.480256318,0.12664010140824042, -0.41667392565601474, 1.4714171087660284, -1.054573860005449, -0.12668758304837352
 3.605950876

